{
  "accessors": [
    {
      "bufferView": 2,
      "componentType": 5126,
      "count": 5149,
      "max": [
        1000.0,
        1000.0,
        1000.0
      ],
      "min": [
        -1000.0,
        -1000.0,
        -1000.0
      ],
      "type": "VEC3"
    },
    {
      "bufferView": 2,
      "byteOffset": 61788,
      "componentType": 5126,
      "count": 5149,
      "max": [
        1.0,
        1.0,
        1.0
      ],
      "min": [
        -1.0,
        -1.0,
        -1.0
      ],
      "type": "VEC3"
    },
    {
      "bufferView": 1,
      "componentType": 5126,
      "count": 5149,
      "max": [
        1.0,
        1.0
      ],
      "min": [
        0.0,
        0.0
      ],
      "type": "VEC2"
    },
    {
      "bufferView": 1,
      "byteOffset": 41192,
      "componentType": 5126,
      "count": 5149,
      "max": [
        1.0,
        1.0
      ],
      "min": [
        0.0,
        0.0
      ],
      "type": "VEC2"
    },
    {
      "bufferView": 1,
      "byteOffset": 82384,
      "componentType": 5126,
      "count": 5149,
      "max": [
        1.0,
        1.0
      ],
      "min": [
        0.0,
        0.0
      ],
      "type": "VEC2"
    },
    {
      "bufferView": 0,
      "componentType": 5125,
      "count": 29400,
      "type": "SCALAR"
    },
    {
      "bufferView": 2,
      "byteOffset": 123576,
      "componentType": 5126,
      "count": 5149,
      "max": [
        1005.0,
        1005.0,
        1005.0
      ],
      "min": [
        -1005.0,
        -1005.0,
        -1005.0
      ],
      "type": "VEC3"
    },
    {
      "bufferView": 2,
      "byteOffset": 185364,
      "componentType": 5126,
      "count": 5149,
      "max": [
        1.0,
        1.0,
        1.0
      ],
      "min": [
        -1.0,
        -1.0,
        -1.0
      ],
      "type": "VEC3"
    },
    {
      "bufferView": 1,
      "byteOffset": 123576,
      "componentType": 5126,
      "count": 5149,
      "max": [
        1.0,
        1.0
      ],
      "min": [
        0.0,
        0.0
      ],
      "type": "VEC2"
    },
    {
      "bufferView": 0,
      "byteOffset": 117600,
      "componentType": 5125,
      "count": 29400,
      "type": "SCALAR"
    }
  ],
  "asset": {
    "extras": {
      "author": "uperesito (https://sketchfab.com/uperesito)",
      "license": "CC-BY-4.0 (http://creativecommons.org/licenses/by/4.0/)",
      "source": "https://sketchfab.com/3d-models/alba-fictional-db0633a98bf743388860626a6a79d40c",
      "title": "Alba (Fictional)"
    },
    "generator": "Sketchfab-12.67.0",
    "version": "2.0"
  },
  "bufferViews": [
    {
      "buffer": 0,
      "byteLength": 235200,
      "name": "floatBufferViews",
      "target": 34963
    },
    {
      "buffer": 0,
      "byteLength": 164768,
      "byteOffset": 235200,
      "byteStride": 8,
      "name": "floatBufferViews",
      "target": 34962
    },
    {
      "buffer": 0,
      "byteLength": 247152,
      "byteOffset": 399968,
      "byteStride": 12,
      "name": "floatBufferViews",
      "target": 34962
    }
  ],
  "buffers": [
    {
      "byteLength": 647120,
      "uri": "scene.bin"
    }
  ],
  "images": [
    {
      "uri": "textures/material_baseColor.jpeg"
    },
    {
      "uri": "textures/Mat.1_baseColor.png"
    }
  ],
  "materials": [
    {
      "doubleSided": true,
      "name": "material",
      "pbrMetallicRoughness": {
        "baseColorTexture": {
          "index": 0
        },
        "metallicFactor": 0.0,
        "roughnessFactor": 0.6
      }
    },
    {
      "alphaMode": "BLEND",
      "doubleSided": true,
      "name": "Mat.1",
      "pbrMetallicRoughness": {
        "baseColorTexture": {
          "index": 1
        },
        "metallicFactor": 0.0,
        "roughnessFactor": 0.6
      }
    }
  ],
  "meshes": [
    {
      "name": "Esfera_Mat_0",
      "primitives": [
        {
          "attributes": {
            "NORMAL": 1,
            "POSITION": 0,
            "TEXCOORD_0": 2,
            "TEXCOORD_1": 3,
            "TEXCOORD_2": 4
          },
          "indices": 5,
          "material": 0,
          "mode": 4
        }
      ]
    },
    {
      "name": "Esfera_1_Mat.1_0",
      "primitives": [
        {
          "attributes": {
            "NORMAL": 7,
            "POSITION": 6,
            "TEXCOORD_0": 8
          },
          "indices": 9,
          "material": 1,
          "mode": 4
        }
      ]
    }
  ],
  "nodes": [
    {
      "children": [
        1
      ],
      "matrix": [
        1.0,
        0.0,
        0.0,
        0.0,
        0.0,
        2.220446049250313e-16,
        -1.0,
        0.0,
        0.0,
        1.0,
        2.220446049250313e-16,
        0.0,
        0.0,
        0.0,
        0.0,
        1.0
      ],
      "name": "Sketchfab_model"
    },
    {
      "children": [
        2
      ],
      "matrix": [
        1.0,
        0.0,
        0.0,
        0.0,
        0.0,
        0.0,
        1.0,
        0.0,
        0.0,
        -1.0,
        0.0,
        0.0,
        0.0,
        0.0,
        0.0,
        1.0
      ],
      "name": "Alba.fbx"
    },
    {
      "children": [
        3,
        5,
        8,
        10
      ],
      "name": "RootNode"
    },
    {
      "children": [
        4
      ],
      "matrix": [
        0.7060567912887303,
        -0.3551070965583606,
        -0.6126848761385852,
        0.0,
        0.2682059309645227,
        0.9348256254371139,
        -0.23273725232880632,
        0.0,
        0.6554001724675667,
        -1.3877787807814457e-17,
        0.7552818109351529,
        0.0,
        -2031.8148193359375,
        1038.1002197265625,
        1723.1536865234375,
        1.0
      ],
      "name": "Cinema_4D_Editor"
    },
    {
      "name": "Object_4"
    },
    {
      "children": [
        6
      ],
      "matrix": [
        0.9983244310733044,
        -3.469446951953614e-18,
        -0.057864758896611995,
        0.0,
        0.05726716430744934,
        -0.14334648895148394,
        0.9880142994903796,
        0.0,
        -0.008294710021853492,
        -0.9896725640863657,
        -0.1431063020288459,
        0.0,
        0.0,
        0.0,
        0.0,
        1.0
      ],
      "name": "Luz"
    },
    {
      "children": [
        7
      ],
      "matrix": [
        1.0,
        0.0,
        0.0,
        0.0,
        0.0,
        2.220446049250313e-16,
        1.0,
        0.0,
        0.0,
        -1.0,
        2.220446049250313e-16,
        0.0,
        0.0,
        0.0,
        0.0,
        1.0
      ],
      "name": "Object_6"
    },
    {
      "name": "Object_7"
    },
    {
      "children": [
        9
      ],
      "matrix": [
        -0.8610849368409583,
        1.0545249116962805e-16,
        -0.5084611406445957,
        0.0,
        1.84733210752857e-16,
        1.0,
        -1.0545249116962803e-16,
        0.0,
        0.5084611406445957,
        -1.8473321075285698e-16,
        -0.8610849368409583,
        0.0,
        0.0,
        0.0,
        0.0,
        1.0
      ],
      "name": "Esfera"
    },
    {
      "mesh": 0,
      "name": "Esfera_Mat_0"
    },
    {
      "children": [
        11
      ],
      "matrix": [
        -0.8610849368409579,
        -2.1073424366267087e-08,
        -0.5084611406445954,
        0.0,
        -1.8146008394142382e-08,
        0.9999999999999998,
        -1.0715017213261653e-08,
        0.0,
        0.5084611406445956,
        2.059008517820789e-16,
        -0.8610849368409581,
        0.0,
        0.0,
        0.0,
        0.0,
        1.0
      ],
      "name": "Esfera_1"
    },
    {
      "mesh": 1,
      "name": "Esfera_1_Mat.1_0"
    }
  ],
  "samplers": [
    {
      "magFilter": 9729,
      "minFilter": 9987,
      "wrapS": 10497,
      "wrapT": 10497
    }
  ],
  "scene": 0,
  "scenes": [
    {
      "name": "Sketchfab_Scene",
      "nodes": [
        0
      ]
    }
  ],
  "textures": [
    {
      "sampler": 0,
      "source": 0
    },
    {
      "sampler": 0,
      "source": 1
    }
  ]
}
